
##################################################
#             Conservación de Energía            #
##################################################

Step, tiempo, energía total
0, 0, 0.995806
1, 0.01, 0.991638
2, 0.02, 0.987496
3, 0.03, 0.983378
4, 0.04, 0.979286
5, 0.05, 0.975218
6, 0.06, 0.971175
7, 0.07, 0.967156
8, 0.08, 0.963162
9, 0.09, 0.959191
10, 0.1, 0.955245
11, 0.11, 0.951322
12, 0.12, 0.947423
13, 0.13, 0.943547
14, 0.14, 0.939694
15, 0.15, 0.935865
16, 0.16, 0.932058
17, 0.17, 0.928274
18, 0.18, 0.924512
19, 0.19, 0.920773
20, 0.2, 0.917056
21, 0.21, 0.913361
22, 0.22, 0.909688
23, 0.23, 0.906037
24, 0.24, 0.902407
25, 0.25, 0.898799
26, 0.26, 0.895211
27, 0.27, 0.891645
28, 0.28, 0.8881
29, 0.29, 0.884576
30, 0.3, 0.881072
31, 0.31, 0.877589
32, 0.32, 0.874126
33, 0.33, 0.870684
34, 0.34, 0.867261
35, 0.35, 0.863859
36, 0.36, 0.860476
37, 0.37, 0.857113
38, 0.38, 0.853769
39, 0.39, 0.850445
40, 0.4, 0.847139
41, 0.41, 0.843853
42, 0.42, 0.840586
43, 0.43, 0.837338
44, 0.44, 0.834108
45, 0.45, 0.830897
46, 0.46, 0.827704
47, 0.47, 0.82453
48, 0.48, 0.821373
49, 0.49, 0.818235
50, 0.5, 0.815115
51, 0.51, 0.812012
52, 0.52, 0.808927
53, 0.53, 0.805859
54, 0.54, 0.802809
55, 0.55, 0.799776
56, 0.56, 0.796761
57, 0.57, 0.793762
58, 0.58, 0.79078
59, 0.59, 0.787815
60, 0.6, 0.784867
61, 0.61, 0.781935
62, 0.62, 0.77902
63, 0.63, 0.776121
64, 0.64, 0.773238
65, 0.65, 0.770372
66, 0.66, 0.767521
67, 0.67, 0.764686
68, 0.68, 0.761867
69, 0.69, 0.759064
70, 0.7, 0.756276
71, 0.71, 0.753504
72, 0.72, 0.750747
73, 0.73, 0.748005
74, 0.74, 0.745278
75, 0.75, 0.742566
76, 0.76, 0.73987
77, 0.77, 0.737188
78, 0.78, 0.734521
79, 0.79, 0.731868
80, 0.8, 0.72923
81, 0.81, 0.726606
82, 0.82, 0.723997
83, 0.83, 0.721402
84, 0.84, 0.718821
85, 0.85, 0.716254
86, 0.86, 0.713701
87, 0.87, 0.711162
88, 0.88, 0.708636
89, 0.89, 0.706124
90, 0.9, 0.703626
91, 0.91, 0.701141
92, 0.92, 0.69867
93, 0.93, 0.696212
94, 0.94, 0.693767
95, 0.95, 0.691335
96, 0.96, 0.688916
97, 0.97, 0.68651
98, 0.98, 0.684117
99, 0.99, 0.681737
100, 1, 0.679369
101, 1.01, 0.677014
102, 1.02, 0.674672
103, 1.03, 0.672342
104, 1.04, 0.670024
105, 1.05, 0.667718
106, 1.06, 0.665425
107, 1.07, 0.663144
108, 1.08, 0.660874
109, 1.09, 0.658617
110, 1.1, 0.656372
111, 1.11, 0.654138
112, 1.12, 0.651916
113, 1.13, 0.649706
114, 1.14, 0.647507
115, 1.15, 0.64532
116, 1.16, 0.643144
117, 1.17, 0.640979
118, 1.18, 0.638826
119, 1.19, 0.636683
120, 1.2, 0.634552
121, 1.21, 0.632432
122, 1.22, 0.630323
123, 1.23, 0.628225
124, 1.24, 0.626137
125, 1.25, 0.62406
126, 1.26, 0.621994
127, 1.27, 0.619939
128, 1.28, 0.617894
129, 1.29, 0.615859
130, 1.3, 0.613835
131, 1.31, 0.611822
132, 1.32, 0.609818
133, 1.33, 0.607825
134, 1.34, 0.605842
135, 1.35, 0.603869
136, 1.36, 0.601905
137, 1.37, 0.599952
138, 1.38, 0.598009
139, 1.39, 0.596075
140, 1.4, 0.594152
141, 1.41, 0.592237
142, 1.42, 0.590333
143, 1.43, 0.588438
144, 1.44, 0.586553
145, 1.45, 0.584677
146, 1.46, 0.58281
147, 1.47, 0.580953
148, 1.48, 0.579105
149, 1.49, 0.577266
150, 1.5, 0.575436
151, 1.51, 0.573616
152, 1.52, 0.571804
153, 1.53, 0.570001
154, 1.54, 0.568208
155, 1.55, 0.566423
156, 1.56, 0.564647
157, 1.57, 0.562879
158, 1.58, 0.561121
159, 1.59, 0.559371
160, 1.6, 0.557629
161, 1.61, 0.555896
162, 1.62, 0.554172
163, 1.63, 0.552456
164, 1.64, 0.550748
165, 1.65, 0.549049
166, 1.66, 0.547358
167, 1.67, 0.545675
168, 1.68, 0.544
169, 1.69, 0.542334
170, 1.7, 0.540675
171, 1.71, 0.539024
172, 1.72, 0.537382
173, 1.73, 0.535747
174, 1.74, 0.53412
175, 1.75, 0.532501
176, 1.76, 0.53089
177, 1.77, 0.529287
178, 1.78, 0.527691
179, 1.79, 0.526103
180, 1.8, 0.524522
181, 1.81, 0.522949
182, 1.82, 0.521383
183, 1.83, 0.519825
184, 1.84, 0.518274
185, 1.85, 0.516731
186, 1.86, 0.515194
187, 1.87, 0.513666
188, 1.88, 0.512144
189, 1.89, 0.510629
190, 1.9, 0.509122
191, 1.91, 0.507622
192, 1.92, 0.506128
193, 1.93, 0.504642
194, 1.94, 0.503163
195, 1.95, 0.50169
196, 1.96, 0.500225
197, 1.97, 0.498766
198, 1.98, 0.497314
199, 1.99, 0.495869
200, 2, 0.49443
201, 2.01, 0.492998
202, 2.02, 0.491573
203, 2.03, 0.490154
204, 2.04, 0.488742
205, 2.05, 0.487337
206, 2.06, 0.485938
207, 2.07, 0.484545
208, 2.08, 0.483159
209, 2.09, 0.481779
210, 2.1, 0.480405
211, 2.11, 0.479038
212, 2.12, 0.477677
213, 2.13, 0.476322
214, 2.14, 0.474973
215, 2.15, 0.47363
216, 2.16, 0.472294
217, 2.17, 0.470964
218, 2.18, 0.469639
219, 2.19, 0.468321
220, 2.2, 0.467008
221, 2.21, 0.465702
222, 2.22, 0.464401
223, 2.23, 0.463106
224, 2.24, 0.461817
225, 2.25, 0.460534
226, 2.26, 0.459256
227, 2.27, 0.457984
228, 2.28, 0.456718
229, 2.29, 0.455458
230, 2.3, 0.454203
231, 2.31, 0.452954
232, 2.32, 0.45171
233, 2.33, 0.450472
234, 2.34, 0.449239
235, 2.35, 0.448012
236, 2.36, 0.44679
237, 2.37, 0.445573
238, 2.38, 0.444362
239, 2.39, 0.443157
240, 2.4, 0.441956
241, 2.41, 0.440761
242, 2.42, 0.439571
243, 2.43, 0.438386
244, 2.44, 0.437206
245, 2.45, 0.436032
246, 2.46, 0.434863
247, 2.47, 0.433698
248, 2.48, 0.432539
249, 2.49, 0.431385
250, 2.5, 0.430236
251, 2.51, 0.429092
252, 2.52, 0.427952
253, 2.53, 0.426818
254, 2.54, 0.425689
255, 2.55, 0.424564
256, 2.56, 0.423444
257, 2.57, 0.422329
258, 2.58, 0.421219
259, 2.59, 0.420114
260, 2.6, 0.419013
261, 2.61, 0.417917
262, 2.62, 0.416826
263, 2.63, 0.415739
264, 2.64, 0.414657
265, 2.65, 0.41358
266, 2.66, 0.412507
267, 2.67, 0.411438
268, 2.68, 0.410375
269, 2.69, 0.409315
270, 2.7, 0.40826
271, 2.71, 0.40721
272, 2.72, 0.406164
273, 2.73, 0.405122
274, 2.74, 0.404085
275, 2.75, 0.403052
276, 2.76, 0.402023
277, 2.77, 0.400999
278, 2.78, 0.399979
279, 2.79, 0.398963
280, 2.8, 0.397952
281, 2.81, 0.396945
282, 2.82, 0.395941
283, 2.83, 0.394942
284, 2.84, 0.393947
285, 2.85, 0.392957
286, 2.86, 0.39197
287, 2.87, 0.390987
288, 2.88, 0.390009
289, 2.89, 0.389034
290, 2.9, 0.388064
291, 2.91, 0.387097
292, 2.92, 0.386135
293, 2.93, 0.385176
294, 2.94, 0.384221
295, 2.95, 0.38327
296, 2.96, 0.382323
297, 2.97, 0.38138
298, 2.98, 0.380441
299, 2.99, 0.379505
300, 3, 0.378574
301, 3.01, 0.377646
302, 3.02, 0.376721
303, 3.03, 0.375801
304, 3.04, 0.374884
305, 3.05, 0.373971
306, 3.06, 0.373062
307, 3.07, 0.372156
308, 3.08, 0.371254
309, 3.09, 0.370355
310, 3.1, 0.36946
311, 3.11, 0.368569
312, 3.12, 0.367681
313, 3.13, 0.366797
314, 3.14, 0.365916
315, 3.15, 0.365039
316, 3.16, 0.364165
317, 3.17, 0.363295
318, 3.18, 0.362428
319, 3.19, 0.361564
320, 3.2, 0.360704
321, 3.21, 0.359848
322, 3.22, 0.358994
323, 3.23, 0.358144
324, 3.24, 0.357298
325, 3.25, 0.356454
326, 3.26, 0.355614
327, 3.27, 0.354778
328, 3.28, 0.353944
329, 3.29, 0.353114
330, 3.3, 0.352287
331, 3.31, 0.351463
332, 3.32, 0.350643
333, 3.33, 0.349825
334, 3.34, 0.349011
335, 3.35, 0.3482
336, 3.36, 0.347392
337, 3.37, 0.346587
338, 3.38, 0.345785
339, 3.39, 0.344987
340, 3.4, 0.344191
341, 3.41, 0.343398
342, 3.42, 0.342609
343, 3.43, 0.341822
344, 3.44, 0.341039
345, 3.45, 0.340258
346, 3.46, 0.339481
347, 3.47, 0.338706
348, 3.48, 0.337935
349, 3.49, 0.337166
350, 3.5, 0.3364
351, 3.51, 0.335637
352, 3.52, 0.334877
353, 3.53, 0.33412
354, 3.54, 0.333366
355, 3.55, 0.332614
356, 3.56, 0.331866
357, 3.57, 0.33112
358, 3.58, 0.330377
359, 3.59, 0.329636
360, 3.6, 0.328899
361, 3.61, 0.328164
362, 3.62, 0.327432
363, 3.63, 0.326703
364, 3.64, 0.325976
365, 3.65, 0.325253
366, 3.66, 0.324531
367, 3.67, 0.323813
368, 3.68, 0.323097
369, 3.69, 0.322384
370, 3.7, 0.321673
371, 3.71, 0.320965
372, 3.72, 0.32026
373, 3.73, 0.319557
374, 3.74, 0.318857
375, 3.75, 0.31816
376, 3.76, 0.317464
377, 3.77, 0.316772
378, 3.78, 0.316082
379, 3.79, 0.315395
380, 3.8, 0.31471
381, 3.81, 0.314027
382, 3.82, 0.313347
383, 3.83, 0.31267
384, 3.84, 0.311995
385, 3.85, 0.311322
386, 3.86, 0.310652
387, 3.87, 0.309984
388, 3.88, 0.309319
389, 3.89, 0.308656
390, 3.9, 0.307995
391, 3.91, 0.307337
392, 3.92, 0.306681
393, 3.93, 0.306027
394, 3.94, 0.305376
395, 3.95, 0.304727
396, 3.96, 0.304081
397, 3.97, 0.303437
398, 3.98, 0.302795
399, 3.99, 0.302155
400, 4, 0.301518
401, 4.01, 0.300883
402, 4.02, 0.30025
403, 4.03, 0.299619
404, 4.04, 0.298991
405, 4.05, 0.298364
406, 4.06, 0.29774
407, 4.07, 0.297119
408, 4.08, 0.296499
409, 4.09, 0.295882
410, 4.1, 0.295266
411, 4.11, 0.294653
412, 4.12, 0.294042
413, 4.13, 0.293433
414, 4.14, 0.292827
415, 4.15, 0.292222
416, 4.16, 0.29162
417, 4.17, 0.291019
418, 4.18, 0.290421
419, 4.19, 0.289824
420, 4.2, 0.28923
421, 4.21, 0.288638
422, 4.22, 0.288048
423, 4.23, 0.28746
424, 4.24, 0.286874
425, 4.25, 0.28629
426, 4.26, 0.285708
427, 4.27, 0.285128
428, 4.28, 0.28455
429, 4.29, 0.283974
430, 4.3, 0.283399
431, 4.31, 0.282827
432, 4.32, 0.282257
433, 4.33, 0.281689
434, 4.34, 0.281123
435, 4.35, 0.280558
436, 4.36, 0.279996
437, 4.37, 0.279435
438, 4.38, 0.278876
439, 4.39, 0.278319
440, 4.4, 0.277765
441, 4.41, 0.277211
442, 4.42, 0.27666
443, 4.43, 0.276111
444, 4.44, 0.275563
445, 4.45, 0.275018
446, 4.46, 0.274474
447, 4.47, 0.273932
448, 4.48, 0.273392
449, 4.49, 0.272853
450, 4.5, 0.272316
451, 4.51, 0.271782
452, 4.52, 0.271249
453, 4.53, 0.270717
454, 4.54, 0.270188
455, 4.55, 0.26966
456, 4.56, 0.269134
457, 4.57, 0.268609
458, 4.58, 0.268087
459, 4.59, 0.267566
460, 4.6, 0.267047
461, 4.61, 0.266529
462, 4.62, 0.266014
463, 4.63, 0.2655
464, 4.64, 0.264987
465, 4.65, 0.264476
466, 4.66, 0.263967
467, 4.67, 0.26346
468, 4.68, 0.262954
469, 4.69, 0.26245
470, 4.7, 0.261948
471, 4.71, 0.261447
472, 4.72, 0.260948
473, 4.73, 0.26045
474, 4.74, 0.259954
475, 4.75, 0.25946
476, 4.76, 0.258967
477, 4.77, 0.258476
478, 4.78, 0.257986
479, 4.79, 0.257498
480, 4.8, 0.257012
481, 4.81, 0.256527
482, 4.82, 0.256043
483, 4.83, 0.255561
484, 4.84, 0.255081
485, 4.85, 0.254602
486, 4.86, 0.254125
487, 4.87, 0.253649
488, 4.88, 0.253175
489, 4.89, 0.252702
490, 4.9, 0.252231
491, 4.91, 0.251761
492, 4.92, 0.251293
493, 4.93, 0.250826
494, 4.94, 0.250361
495, 4.95, 0.249897
496, 4.96, 0.249435
497, 4.97, 0.248974
498, 4.98, 0.248515
499, 4.99, 0.248057
500, 5, 0.2476
501, 5.01, 0.247145
502, 5.02, 0.246691
503, 5.03, 0.246239
504, 5.04, 0.245788
505, 5.05, 0.245338
506, 5.06, 0.24489
507, 5.07, 0.244443
508, 5.08, 0.243998
509, 5.09, 0.243554
510, 5.1, 0.243111
511, 5.11, 0.24267
512, 5.12, 0.24223
513, 5.13, 0.241792
514, 5.14, 0.241355
515, 5.15, 0.240919
516, 5.16, 0.240484
517, 5.17, 0.240051
518, 5.18, 0.239619
519, 5.19, 0.239189
520, 5.2, 0.238759
521, 5.21, 0.238332
522, 5.22, 0.237905
523, 5.23, 0.23748
524, 5.24, 0.237056
525, 5.25, 0.236633
526, 5.26, 0.236211
527, 5.27, 0.235791
528, 5.28, 0.235372
529, 5.29, 0.234955
530, 5.3, 0.234538
531, 5.31, 0.234123
532, 5.32, 0.233709
533, 5.33, 0.233297
534, 5.34, 0.232885
535, 5.35, 0.232475
536, 5.36, 0.232066
537, 5.37, 0.231659
538, 5.38, 0.231252
539, 5.39, 0.230847
540, 5.4, 0.230443
541, 5.41, 0.23004
542, 5.42, 0.229638
543, 5.43, 0.229238
544, 5.44, 0.228839
545, 5.45, 0.228441
546, 5.46, 0.228044
547, 5.47, 0.227648
548, 5.48, 0.227253
549, 5.49, 0.22686
550, 5.5, 0.226468
551, 5.51, 0.226077
552, 5.52, 0.225687
553, 5.53, 0.225298
554, 5.54, 0.22491
555, 5.55, 0.224524
556, 5.56, 0.224138
557, 5.57, 0.223754
558, 5.58, 0.223371
559, 5.59, 0.222989
560, 5.6, 0.222608
561, 5.61, 0.222228
562, 5.62, 0.221849
563, 5.63, 0.221472
564, 5.64, 0.221095
565, 5.65, 0.22072
566, 5.66, 0.220345
567, 5.67, 0.219972
568, 5.68, 0.2196
569, 5.69, 0.219229
570, 5.7, 0.218859
571, 5.71, 0.21849
572, 5.72, 0.218122
573, 5.73, 0.217755
574, 5.74, 0.217389
575, 5.75, 0.217024
576, 5.76, 0.21666
577, 5.77, 0.216298
578, 5.78, 0.215936
579, 5.79, 0.215575
580, 5.8, 0.215216
581, 5.81, 0.214857
582, 5.82, 0.2145
583, 5.83, 0.214143
584, 5.84, 0.213788
585, 5.85, 0.213433
586, 5.86, 0.213079
587, 5.87, 0.212727
588, 5.88, 0.212375
589, 5.89, 0.212025
590, 5.9, 0.211675
591, 5.91, 0.211327
592, 5.92, 0.210979
593, 5.93, 0.210632
594, 5.94, 0.210287
595, 5.95, 0.209942
596, 5.96, 0.209598
597, 5.97, 0.209255
598, 5.98, 0.208914
599, 5.99, 0.208573
600, 6, 0.208233
601, 6.01, 0.207894
602, 6.02, 0.207556
603, 6.03, 0.207219
604, 6.04, 0.206882
605, 6.05, 0.206547
606, 6.06, 0.206213
607, 6.07, 0.205879
608, 6.08, 0.205547
609, 6.09, 0.205215
610, 6.1, 0.204885
611, 6.11, 0.204555
612, 6.12, 0.204226
613, 6.13, 0.203898
614, 6.14, 0.203571
615, 6.15, 0.203245
616, 6.16, 0.202919
617, 6.17, 0.202595
618, 6.18, 0.202272
619, 6.19, 0.201949
620, 6.2, 0.201627
621, 6.21, 0.201306
622, 6.22, 0.200986
623, 6.23, 0.200667
624, 6.24, 0.200349
625, 6.25, 0.200031
626, 6.26, 0.199715
627, 6.27, 0.199399
628, 6.28, 0.199084
629, 6.29, 0.19877
630, 6.3, 0.198457
631, 6.31, 0.198145
632, 6.32, 0.197833
633, 6.33, 0.197522
634, 6.34, 0.197213
635, 6.35, 0.196904
636, 6.36, 0.196595
637, 6.37, 0.196288
638, 6.38, 0.195981
639, 6.39, 0.195676
640, 6.4, 0.195371
641, 6.41, 0.195067
642, 6.42, 0.194763
643, 6.43, 0.194461
644, 6.44, 0.194159
645, 6.45, 0.193858
646, 6.46, 0.193558
647, 6.47, 0.193259
648, 6.48, 0.19296
649, 6.49, 0.192663
650, 6.5, 0.192366
651, 6.51, 0.192069
652, 6.52, 0.191774
653, 6.53, 0.191479
654, 6.54, 0.191185
655, 6.55, 0.190892
656, 6.56, 0.1906
657, 6.57, 0.190308
658, 6.58, 0.190018
659, 6.59, 0.189727
660, 6.6, 0.189438
661, 6.61, 0.18915
662, 6.62, 0.188862
663, 6.63, 0.188575
664, 6.64, 0.188288
665, 6.65, 0.188003
666, 6.66, 0.187718
667, 6.67, 0.187434
668, 6.68, 0.18715
669, 6.69, 0.186868
670, 6.7, 0.186586
671, 6.71, 0.186305
672, 6.72, 0.186024
673, 6.73, 0.185744
674, 6.74, 0.185465
675, 6.75, 0.185187
676, 6.76, 0.184909
677, 6.77, 0.184632
678, 6.78, 0.184356
679, 6.79, 0.184081
680, 6.8, 0.183806
681, 6.81, 0.183532
682, 6.82, 0.183258
683, 6.83, 0.182986
684, 6.84, 0.182713
685, 6.85, 0.182442
686, 6.86, 0.182171
687, 6.87, 0.181901
688, 6.88, 0.181632
689, 6.89, 0.181364
690, 6.9, 0.181096
691, 6.91, 0.180828
692, 6.92, 0.180562
693, 6.93, 0.180296
694, 6.94, 0.18003
695, 6.95, 0.179766
696, 6.96, 0.179502
697, 6.97, 0.179239
698, 6.98, 0.178976
699, 6.99, 0.178714
700, 7, 0.178453
701, 7.01, 0.178192
702, 7.02, 0.177932
703, 7.03, 0.177672
704, 7.04, 0.177414
705, 7.05, 0.177156
706, 7.06, 0.176898
707, 7.07, 0.176641
708, 7.08, 0.176385
709, 7.09, 0.17613
710, 7.1, 0.175875
711, 7.11, 0.17562
712, 7.12, 0.175367
713, 7.13, 0.175113
714, 7.14, 0.174861
715, 7.15, 0.174609
716, 7.16, 0.174358
717, 7.17, 0.174107
718, 7.18, 0.173857
719, 7.19, 0.173608
720, 7.2, 0.173359
721, 7.21, 0.173111
722, 7.22, 0.172863
723, 7.23, 0.172616
724, 7.24, 0.17237
725, 7.25, 0.172124
726, 7.26, 0.171879
727, 7.27, 0.171635
728, 7.28, 0.171391
729, 7.29, 0.171147
730, 7.3, 0.170904
731, 7.31, 0.170662
732, 7.32, 0.17042
733, 7.33, 0.170179
734, 7.34, 0.169939
735, 7.35, 0.169699
736, 7.36, 0.16946
737, 7.37, 0.169221
738, 7.38, 0.168983
739, 7.39, 0.168745
740, 7.4, 0.168508
741, 7.41, 0.168271
742, 7.42, 0.168035
743, 7.43, 0.1678
744, 7.44, 0.167565
745, 7.45, 0.167331
746, 7.46, 0.167097
747, 7.47, 0.166864
748, 7.48, 0.166631
749, 7.49, 0.166399
750, 7.5, 0.166168
751, 7.51, 0.165937
752, 7.52, 0.165706
753, 7.53, 0.165477
754, 7.54, 0.165247
755, 7.55, 0.165018
756, 7.56, 0.16479
757, 7.57, 0.164562
758, 7.58, 0.164335
759, 7.59, 0.164109
760, 7.6, 0.163882
761, 7.61, 0.163657
762, 7.62, 0.163432
763, 7.63, 0.163207
764, 7.64, 0.162983
765, 7.65, 0.16276
766, 7.66, 0.162537
767, 7.67, 0.162314
768, 7.68, 0.162092
769, 7.69, 0.161871
770, 7.7, 0.16165
771, 7.71, 0.161429
772, 7.72, 0.161209
773, 7.73, 0.16099
774, 7.74, 0.160771
775, 7.75, 0.160553
776, 7.76, 0.160335
777, 7.77, 0.160117
778, 7.78, 0.1599
779, 7.79, 0.159684
780, 7.8, 0.159468
781, 7.81, 0.159253
782, 7.82, 0.159038
783, 7.83, 0.158823
784, 7.84, 0.158609
785, 7.85, 0.158396
786, 7.86, 0.158183
787, 7.87, 0.157971
788, 7.88, 0.157759
789, 7.89, 0.157547
790, 7.9, 0.157336
791, 7.91, 0.157125
792, 7.92, 0.156915
793, 7.93, 0.156706
794, 7.94, 0.156496
795, 7.95, 0.156288
796, 7.96, 0.15608
797, 7.97, 0.155872
798, 7.98, 0.155665
799, 7.99, 0.155458
800, 8, 0.155251
801, 8.01, 0.155046
802, 8.02, 0.15484
803, 8.03, 0.154635
804, 8.04, 0.154431
805, 8.05, 0.154227
806, 8.06, 0.154023
807, 8.07, 0.15382
808, 8.08, 0.153617
809, 8.09, 0.153415
810, 8.1, 0.153213
811, 8.11, 0.153012
812, 8.12, 0.152811
813, 8.13, 0.152611
814, 8.14, 0.152411
815, 8.15, 0.152211
816, 8.16, 0.152012
817, 8.17, 0.151813
818, 8.18, 0.151615
819, 8.19, 0.151417
820, 8.2, 0.15122
821, 8.21, 0.151023
822, 8.22, 0.150826
823, 8.23, 0.15063
824, 8.24, 0.150435
825, 8.25, 0.150239
826, 8.26, 0.150045
827, 8.27, 0.14985
828, 8.28, 0.149656
829, 8.29, 0.149463
830, 8.3, 0.14927
831, 8.31, 0.149077
832, 8.32, 0.148885
833, 8.33, 0.148693
834, 8.34, 0.148502
835, 8.35, 0.148311
836, 8.36, 0.14812
837, 8.37, 0.14793
838, 8.38, 0.14774
839, 8.39, 0.147551
840, 8.4, 0.147362
841, 8.41, 0.147173
842, 8.42, 0.146985
843, 8.43, 0.146797
844, 8.44, 0.14661
845, 8.45, 0.146423
846, 8.46, 0.146237
847, 8.47, 0.14605
848, 8.48, 0.145865
849, 8.49, 0.145679
850, 8.5, 0.145494
851, 8.51, 0.14531
852, 8.52, 0.145126
853, 8.53, 0.144942
854, 8.54, 0.144759
855, 8.55, 0.144576
856, 8.56, 0.144393
857, 8.57, 0.144211
858, 8.58, 0.144029
859, 8.59, 0.143848
860, 8.6, 0.143667
861, 8.61, 0.143486
862, 8.62, 0.143306
863, 8.63, 0.143126
864, 8.64, 0.142946
865, 8.65, 0.142767
866, 8.66, 0.142588
867, 8.67, 0.14241
868, 8.68, 0.142232
869, 8.69, 0.142054
870, 8.7, 0.141877
871, 8.71, 0.1417
872, 8.72, 0.141524
873, 8.73, 0.141348
874, 8.74, 0.141172
875, 8.75, 0.140996
876, 8.76, 0.140821
877, 8.77, 0.140647
878, 8.78, 0.140472
879, 8.79, 0.140298
880, 8.8, 0.140125
881, 8.81, 0.139952
882, 8.82, 0.139779
883, 8.83, 0.139606
884, 8.84, 0.139434
885, 8.85, 0.139262
886, 8.86, 0.139091
887, 8.87, 0.13892
888, 8.88, 0.138749
889, 8.89, 0.138578
890, 8.9, 0.138408
891, 8.91, 0.138239
892, 8.92, 0.138069
893, 8.93, 0.1379
894, 8.94, 0.137732
895, 8.95, 0.137563
896, 8.96, 0.137395
897, 8.97, 0.137228
898, 8.98, 0.137061
899, 8.99, 0.136894
900, 9, 0.136727
901, 9.01, 0.136561
902, 9.02, 0.136395
903, 9.03, 0.136229
904, 9.04, 0.136064
905, 9.05, 0.135899
906, 9.06, 0.135735
907, 9.07, 0.13557
908, 9.08, 0.135406
909, 9.09, 0.135243
910, 9.1, 0.13508
911, 9.11, 0.134917
912, 9.12, 0.134754
913, 9.13, 0.134592
914, 9.14, 0.13443
915, 9.15, 0.134268
916, 9.16, 0.134107
917, 9.17, 0.133946
918, 9.18, 0.133786
919, 9.19, 0.133625
920, 9.2, 0.133465
921, 9.21, 0.133306
922, 9.22, 0.133146
923, 9.23, 0.132987
924, 9.24, 0.132829
925, 9.25, 0.13267
926, 9.26, 0.132512
927, 9.27, 0.132354
928, 9.28, 0.132197
929, 9.29, 0.13204
930, 9.3, 0.131883
931, 9.31, 0.131726
932, 9.32, 0.13157
933, 9.33, 0.131414
934, 9.34, 0.131259
935, 9.35, 0.131103
936, 9.36, 0.130948
937, 9.37, 0.130794
938, 9.38, 0.130639
939, 9.39, 0.130485
940, 9.4, 0.130332
941, 9.41, 0.130178
942, 9.42, 0.130025
943, 9.43, 0.129872
944, 9.44, 0.12972
945, 9.45, 0.129567
946, 9.46, 0.129415
947, 9.47, 0.129264
948, 9.48, 0.129112
949, 9.49, 0.128961
950, 9.5, 0.128811
951, 9.51, 0.12866
952, 9.52, 0.12851
953, 9.53, 0.12836
954, 9.54, 0.12821
955, 9.55, 0.128061
956, 9.56, 0.127912
957, 9.57, 0.127763
958, 9.58, 0.127615
959, 9.59, 0.127467
960, 9.6, 0.127319
961, 9.61, 0.127171
962, 9.62, 0.127024
963, 9.63, 0.126877
964, 9.64, 0.12673
965, 9.65, 0.126584
966, 9.66, 0.126438
967, 9.67, 0.126292
968, 9.68, 0.126146
969, 9.69, 0.126001
970, 9.7, 0.125856
971, 9.71, 0.125711
972, 9.72, 0.125567
973, 9.73, 0.125422
974, 9.74, 0.125278
975, 9.75, 0.125135
976, 9.76, 0.124991
977, 9.77, 0.124848
978, 9.78, 0.124705
979, 9.79, 0.124563
980, 9.8, 0.12442
981, 9.81, 0.124278
982, 9.82, 0.124137
983, 9.83, 0.123995
984, 9.84, 0.123854
985, 9.85, 0.123713
986, 9.86, 0.123572
987, 9.87, 0.123432
988, 9.88, 0.123292
989, 9.89, 0.123152
990, 9.9, 0.123012
991, 9.91, 0.122873
992, 9.92, 0.122734
993, 9.93, 0.122595
994, 9.94, 0.122456
995, 9.95, 0.122318
996, 9.96, 0.12218
997, 9.97, 0.122042
998, 9.98, 0.121905
999, 9.99, 0.121767
